Serial_times:
0.09490 0.08498 0.08196 0.07893 0.08057 0.09350 0.08098 0.08377 0.08648 0.07964 0.08304 0.08628 0.08320 0.08168 0.07913 0.08384 0.07980 0.08589 0.08325 0.07642 
Pthread_times:
Threads 2: 0.04628 0.04506 0.05340 0.04474 0.04835 0.04628 0.04504 0.04591 0.04529 0.04881 0.04738 0.04686 0.04574 0.04635 0.04575 0.04956 0.04646 0.04441 0.04781 0.04684 
Threads 6: 0.03992 0.03766 0.03818 0.04052 0.04134 0.03561 0.04405 0.04052 0.04189 0.03956 0.03993 0.04074 0.04138 0.03135 0.04045 0.03834 0.04094 0.03542 0.04122 0.03836 
Threads 10: 0.03251 0.03844 0.03184 0.03722 0.03462 0.03493 0.03228 0.03633 0.03432 0.03315 0.03264 0.03755 0.03591 0.03705 0.03825 0.03482 0.03263 0.03712 0.03350 0.03702 
Threads 14: 0.03404 0.03108 0.03447 0.03405 0.03455 0.03143 0.02936 0.03521 0.03509 0.03385 0.03430 0.03590 0.03153 0.03018 0.03157 0.03660 0.03290 0.02912 0.03156 0.03515 
Threads 18: 0.03167 0.03364 0.03377 0.03244 0.03252 0.03629 0.03344 0.03566 0.03276 0.03724 0.03257 0.03269 0.03472 0.03235 0.03413 0.03354 0.03158 0.03410 0.03643 0.06302 
Threads 22: 0.03461 0.03300 0.03314 0.03293 0.03258 0.03170 0.03201 0.03173 0.03302 0.03117 0.03258 0.03365 0.03444 0.03304 0.03360 0.03466 0.03367 0.03089 0.03493 0.03319 
Threads 26: 0.03486 0.03309 0.03319 0.03389 0.03416 0.03204 0.03218 0.03150 0.03322 0.03208 0.03487 0.03364 0.03312 0.03319 0.03364 0.03222 0.03393 0.03394 0.03457 0.03276 
Threads 30: 0.03549 0.03262 0.03196 0.03299 0.03339 0.03145 0.03103 0.03444 0.03184 0.03331 0.02973 0.03303 0.03239 0.03306 0.03158 0.03261 0.03006 0.03202 0.03307 0.03320 
Threads 34: 0.03238 0.03362 0.03163 0.03308 0.03276 0.03509 0.03298 0.03415 0.03426 0.03354 0.03203 0.03206 0.03243 0.03218 0.03241 0.03311 0.03176 0.03322 0.03234 0.03369 
Threads 38: 0.03218 0.03094 0.03155 0.03325 0.03265 0.03306 0.03377 0.03211 0.03331 0.03522 0.03193 0.03104 0.03329 0.03315 0.03275 0.03132 0.03347 0.03372 0.03231 0.03346 
Threads 42: 0.03547 0.03058 0.03322 0.03136 0.03137 0.03086 0.03338 0.03330 0.03276 0.03319 0.03278 0.03649 0.03318 0.03712 0.03374 0.03233 0.03115 0.03268 0.03106 0.03258 
Threads 46: 0.03178 0.03540 0.03114 0.03455 0.03093 0.03355 0.03178 0.03307 0.03146 0.03346 0.03138 0.03341 0.03094 0.03285 0.03221 0.03309 0.03242 0.03020 0.03567 0.03270 
Threads 50: 0.03261 0.03340 0.03146 0.03303 0.03298 0.03153 0.03304 0.03134 0.03234 0.03322 0.03226 0.03173 0.03190 0.03236 0.03075 0.03120 0.03206 0.03407 0.03382 0.03411 
Threads 54: 0.03283 0.03005 0.03637 0.03208 0.03321 0.03305 0.03327 0.03242 0.03281 0.03299 0.03257 0.03288 0.03206 0.03141 0.03231 0.03027 0.03356 0.03158 0.03199 0.03004 
Threads 58: 0.03254 0.03302 0.03367 0.03464 0.03289 0.03323 0.03489 0.03519 0.03455 0.03192 0.03319 0.03347 0.03434 0.03341 0.03256 0.03285 0.03295 0.03273 0.03233 0.03285 
Threads 62: 0.03184 0.03045 0.03079 0.03253 0.03147 0.03322 0.03211 0.03462 0.03225 0.03222 0.03267 0.03743 0.03331 0.03171 0.03204 0.03448 0.03080 0.03252 0.03319 0.03434 
Threads 66: 0.03417 0.03372 0.03447 0.03283 0.03255 0.03326 0.03324 0.03336 0.03212 0.03165 0.03329 0.03715 0.03555 0.03625 0.03454 0.03898 0.03598 0.03430 0.03442 0.03342 
Threads 70: 0.03499 0.03399 0.03501 0.03529 0.03549 0.03194 0.03315 0.03191 0.03323 0.03225 0.03275 0.03151 0.03165 0.03144 0.03215 0.03159 0.03364 0.03225 0.03331 0.03567 
Threads 74: 0.03305 0.03376 0.03306 0.03419 0.03252 0.03368 0.03407 0.03311 0.03399 0.03255 0.03389 0.03302 0.03237 0.03307 0.03316 0.03342 0.03224 0.03334 0.03332 0.03286 
Threads 78: 0.03163 0.03365 0.03340 0.03757 0.03230 0.03257 0.03295 0.03437 0.03226 0.03330 0.03295 0.03553 0.03155 0.03403 0.03252 0.03369 0.03290 0.03365 0.03224 0.03281 

Openmp_times:
Threads 2: 0.04550 0.04586 0.04641 0.04621 0.04718 0.04835 0.04687 0.04583 0.04763 0.04600 0.04638 0.04481 0.04517 0.04559 0.04623 0.04588 0.04480 0.04451 0.04514 0.04580 
Threads 6: 0.01939 0.02124 0.02193 0.02225 0.02151 0.01872 0.01862 0.02342 0.02337 0.02134 0.01798 0.01861 0.01967 0.01952 0.01868 0.01834 0.02100 0.01948 0.02173 0.02150 
Threads 10: 0.01572 0.01500 0.01630 0.02006 0.01562 0.01630 0.01645 0.02085 0.01933 0.01559 0.01530 0.01789 0.01894 0.01549 0.02073 0.01734 0.01633 0.01669 0.01718 0.01932 
Threads 14: 0.01856 0.01588 0.01815 0.01690 0.01741 0.02075 0.02052 0.01801 0.01554 0.01820 0.01840 0.01763 0.01714 0.01887 0.01838 0.02287 0.01635 0.01846 0.02111 0.01704 
Threads 18: 0.01642 0.01733 0.01514 0.01671 0.01826 0.01699 0.01712 0.01671 0.01688 0.01803 0.01666 0.01729 0.01613 0.01700 0.01733 0.01605 0.01716 0.01693 0.01749 0.01841 
Threads 22: 0.01780 0.01711 0.01798 0.01662 0.02211 0.01629 0.01729 0.01723 0.01691 0.01698 0.01901 0.01814 0.01714 0.01654 0.01882 0.01557 0.01701 0.01719 0.01853 0.01707 
Threads 26: 0.01628 0.01600 0.01667 0.01560 0.01661 0.01590 0.01609 0.01673 0.01661 0.01616 0.01554 0.01688 0.01769 0.01765 0.01549 0.01639 0.01648 0.01743 0.01677 0.01727 
Threads 30: 0.01739 0.01580 0.01645 0.01848 0.01991 0.01690 0.01725 0.01647 0.01626 0.01618 0.01604 0.01606 0.01626 0.01672 0.01703 0.01621 0.01590 0.01576 0.01580 0.01661 
Threads 34: 0.01677 0.01593 0.01612 0.01595 0.01562 0.01524 0.01626 0.01601 0.01677 0.01622 0.01580 0.01599 0.01672 0.01569 0.01677 0.01735 0.01639 0.01650 0.01674 0.01690 
Threads 38: 0.01670 0.01568 0.01679 0.01677 0.02053 0.01763 0.01571 0.01655 0.01704 0.01597 0.01656 0.01680 0.01687 0.01704 0.01818 0.01583 0.01747 0.01618 0.01580 0.01561 
Threads 42: 0.01609 0.01605 0.01566 0.01555 0.01568 0.01558 0.01586 0.01560 0.01605 0.01583 0.01600 0.01613 0.01598 0.01675 0.01661 0.01584 0.01652 0.01631 0.01623 0.01683 
Threads 46: 0.01656 0.01634 0.01627 0.01597 0.01661 0.02026 0.01687 0.01602 0.01632 0.01648 0.01758 0.01610 0.01577 0.01619 0.01597 0.01761 0.01655 0.01590 0.01604 0.01585 
Threads 50: 0.01595 0.01637 0.01529 0.01573 0.01606 0.01589 0.01543 0.01543 0.01598 0.01670 0.01610 0.01582 0.01613 0.01653 0.01648 0.01604 0.01628 0.01639 0.01685 0.01593 
Threads 54: 0.01655 0.01927 0.01721 0.01686 0.02065 0.01995 0.01652 0.01656 0.01633 0.01573 0.01621 0.01741 0.01666 0.01601 0.01639 0.01746 0.01635 0.01689 0.01572 0.01556 
Threads 58: 0.01611 0.01588 0.01589 0.01553 0.01543 0.01628 0.01653 0.01678 0.01784 0.01845 0.01569 0.01623 0.01596 0.01581 0.01595 0.01626 0.01613 0.01630 0.01581 0.01628 
Threads 62: 0.01667 0.01639 0.01588 0.01636 0.01610 0.01686 0.01964 0.01710 0.01618 0.01610 0.01622 0.01648 0.01673 0.01623 0.01622 0.01620 0.01606 0.01623 0.01635 0.01613 
Threads 66: 0.01631 0.01560 0.01593 0.01557 0.01580 0.01573 0.01607 0.01612 0.01557 0.01606 0.01567 0.01577 0.01601 0.01599 0.01610 0.01600 0.01583 0.01629 0.01617 0.01604 
Threads 70: 0.01684 0.01656 0.01625 0.01633 0.01605 0.01607 0.01672 0.02038 0.01660 0.01615 0.01620 0.01629 0.01597 0.01603 0.01620 0.01648 0.01665 0.01620 0.01634 0.01604 
Threads 74: 0.01641 0.01605 0.01563 0.01574 0.01567 0.01560 0.01570 0.01620 0.01619 0.01569 0.01580 0.01630 0.01591 0.01602 0.01618 0.01612 0.01634 0.01753 0.01691 0.01619 
Threads 78: 0.01691 0.01622 0.01639 0.01610 0.01621 0.01617 0.01658 0.02064 0.01699 0.01630 0.01644 0.01649 0.01644 0.01678 0.01633 0.01640 0.01654 0.01718 0.01635 0.01655 

OpenCilk_times:
Threads 2: 0.02508 0.02097 0.01926 0.01785 0.03293 0.01778 0.01853 0.01810 0.01735 0.01740 
Threads 6: 0.02031 0.01716 0.01825 0.01755 0.01880 0.01738 0.01744 0.01924 0.01740 0.01774 
Threads 10: 0.01764 0.01737 0.01725 0.01846 0.01745 0.01726 0.01757 0.01758 0.01840 0.01730 
Threads 14: 0.01735 0.01730 0.01741 0.01711 0.01819 0.01719 0.01775 0.01900 0.01787 0.01903 
Threads 18: 0.01739 0.01750 0.01784 0.01733 0.01730 0.01833 0.01873 0.01728 0.01774 0.01736 
Threads 22: 0.01735 0.02228 0.01792 0.01761 0.01732 0.01713 0.01912 0.01739 0.01769 0.01742 
Threads 26: 0.01755 0.01798 0.01740 0.01744 0.01739 0.01741 0.01729 0.01754 0.01754 0.01683 
Threads 30: 0.01739 0.01800 0.01900 0.01734 0.01745 0.01769 0.02018 0.01843 0.01905 0.01984 
Threads 34: 0.01759 0.01767 0.01744 0.01766 0.01717 0.01728 0.01730 0.01728 0.01740 0.01748 
Threads 38: 0.01732 0.01707 0.02057 0.01722 0.01764 0.01747 0.01720 0.01895 0.01810 0.01738 
Threads 42: 0.01739 0.01730 0.01701 0.01726 0.01708 0.01808 0.02083 0.01769 0.01743 0.01751 
Threads 46: 0.01763 0.01785 0.01906 0.02076 0.02077 0.01929 0.01743 0.01749 0.01751 0.02023 
Threads 50: 0.01857 0.01751 0.01719 0.01701 0.01758 0.01767 0.01854 0.01814 0.01719 0.01778 
Threads 54: 0.01753 0.01779 0.01886 0.01830 0.01765 0.01759 0.01854 0.01902 0.01721 0.01746 
Threads 58: 0.01736 0.01729 0.01730 0.01868 0.01721 0.01843 0.02826 0.01735 0.01774 0.01748 
Threads 62: 0.01774 0.01808 0.01735 0.01745 0.01768 0.01715 0.01742 0.01713 0.01760 0.01818 
Threads 66: 0.01789 0.01868 0.01766 0.01750 0.01720 0.01761 0.01739 0.01750 0.01749 0.01760 
Threads 70: 0.01778 0.01745 0.01719 0.01748 0.01794 0.01724 0.01855 0.01884 0.01760 0.01751 
Threads 74: 0.01741 0.01901 0.01743 0.01735 0.01733 0.01757 0.01757 0.01737 0.01733 0.01753 
Threads 78: 0.01781 0.03429 0.02265 0.03295 0.02023 0.01758 0.01756 0.01724 0.01738 0.02029 