Serial_times:
0.16188 0.16301 0.14771 0.15211 0.15535 0.14927 0.15658 0.16329 0.15756 0.14908 0.16574 0.16808 0.15455 0.15285 0.17591 0.16708 0.16447 0.17130 0.16302 0.15975 
Pthread_times:
Threads 2: 0.14982 0.12102 0.12127 0.10723 0.11185 0.14742 0.11827 0.12070 0.10660 0.11953 0.11037 0.11336 0.10969 0.13595 0.11594 0.12049 0.10303 0.10695 0.11140 0.10575 
Threads 6: 0.05849 0.05551 0.05870 0.05420 0.05304 0.06210 0.05634 0.05311 0.05452 0.06192 0.06198 0.08675 0.06476 0.05557 0.05336 0.05822 0.05256 0.06059 0.05368 0.05644 
Threads 10: 0.04691 0.04858 0.04538 0.05626 0.06697 0.05249 0.05042 0.06319 0.04854 0.04838 0.04553 0.05108 0.08024 0.09891 0.05478 0.05558 0.05493 0.05380 0.05580 0.04339 
Threads 14: 0.05050 0.04888 0.04399 0.05210 0.05352 0.04588 0.04499 0.04790 0.04586 0.04616 0.04717 0.04958 0.04805 0.04571 0.04571 0.04880 0.04926 0.04874 0.04615 0.04446 
Threads 18: 0.04072 0.04093 0.04065 0.04212 0.04050 0.04151 0.04056 0.04282 0.03955 0.04052 0.03973 0.03988 0.03935 0.04130 0.03994 0.03970 0.03983 0.04146 0.03843 0.04231 
Threads 22: 0.03997 0.04577 0.03744 0.04468 0.04385 0.04580 0.04015 0.04489 0.03824 0.04466 0.03750 0.04403 0.03763 0.04619 0.03806 0.04473 0.03769 0.04559 0.03988 0.04456 
Threads 26: 0.04505 0.04469 0.04423 0.04218 0.04458 0.04201 0.04315 0.04454 0.04612 0.04378 0.04384 0.04566 0.04294 0.04213 0.04529 0.04312 0.04502 0.04398 0.04472 0.04202 
Threads 30: 0.03949 0.04211 0.04098 0.04213 0.04104 0.04197 0.03905 0.04178 0.04164 0.04366 0.04275 0.04164 0.04029 0.04115 0.03935 0.04092 0.03952 0.04095 0.03990 0.04056 
Threads 34: 0.03970 0.04275 0.03829 0.04213 0.03934 0.04183 0.04002 0.04237 0.04259 0.04220 0.04291 0.04330 0.04522 0.04309 0.03863 0.04228 0.03824 0.04376 0.03770 0.04303 
Threads 38: 0.04272 0.04237 0.04123 0.04260 0.04431 0.04260 0.04217 0.04636 0.05092 0.04407 0.04351 0.04233 0.04415 0.04539 0.04234 0.04229 0.04152 0.04178 0.04219 0.04272 

Openmp_times:
Threads 2: 0.09207 0.09214 0.09357 0.09244 0.09507 0.09592 0.10148 0.11000 0.09272 0.09087 0.09142 0.09420 0.09148 0.09750 0.09273 0.09396 0.09518 0.10041 0.09183 0.10163 
Threads 6: 0.03956 0.03347 0.03532 0.04205 0.03842 0.03750 0.04086 0.03987 0.04017 0.03882 0.03383 0.03821 0.03934 0.03601 0.03990 0.03857 0.03221 0.03834 0.03947 0.03831 
Threads 10: 0.03407 0.03268 0.03240 0.03141 0.03469 0.03350 0.03420 0.03180 0.03218 0.03259 0.03478 0.03377 0.03119 0.03286 0.03272 0.03298 0.03237 0.03244 0.03300 0.03673 
Threads 14: 0.03336 0.03131 0.02873 0.02966 0.03080 0.03123 0.03155 0.02872 0.03093 0.03111 0.02962 0.03163 0.03021 0.03058 0.03178 0.03061 0.03200 0.02925 0.03139 0.03100 
Threads 18: 0.03197 0.03081 0.03206 0.02988 0.03397 0.03036 0.03477 0.03219 0.03192 0.02937 0.03319 0.03263 0.03091 0.03001 0.03199 0.03008 0.03029 0.02941 0.03277 0.03099 
Threads 22: 0.03284 0.03052 0.03131 0.02991 0.03107 0.03042 0.02938 0.02917 0.03063 0.02987 0.03010 0.02977 0.03033 0.02963 0.03039 0.03106 0.03114 0.02959 0.03017 0.02928 
Threads 26: 0.03322 0.02969 0.03348 0.02912 0.02991 0.02844 0.02942 0.02953 0.03008 0.02974 0.03087 0.03032 0.03127 0.02883 0.02960 0.02945 0.02954 0.02935 0.03015 0.02982 
Threads 30: 0.03008 0.03109 0.02928 0.02908 0.02864 0.03024 0.02893 0.02996 0.02883 0.03034 0.03072 0.02921 0.02976 0.03127 0.03067 0.02931 0.03322 0.03070 0.02897 0.02880 
Threads 34: 0.03007 0.02977 0.02940 0.02922 0.02858 0.02825 0.02960 0.02927 0.03007 0.02961 0.02822 0.02892 0.03047 0.02956 0.02873 0.02851 0.03042 0.02826 0.02858 0.02846 
Threads 38: 0.02951 0.02927 0.03047 0.02987 0.03053 0.02883 0.02997 0.02881 0.02945 0.02861 0.02884 0.02933 0.02966 0.03066 0.02989 0.02981 0.03010 0.02937 0.02998 0.03020 

OpenCilk_times:
Threads 2: 0.03306 0.02978 0.03229 0.03066 0.02795 0.03536 0.02953 0.02941 0.02903 0.03182 
Threads 6: 0.02990 0.02847 0.04951 0.03426 0.06021 0.03980 0.02899 0.03207 0.02952 0.02887 
Threads 10: 0.03472 0.02972 0.02908 0.03363 0.02980 0.02952 0.03803 0.03136 0.02904 0.04264 
Threads 14: 0.02969 0.02863 0.04253 0.03345 0.02838 0.03652 0.03002 0.02914 0.02898 0.03202 
Threads 18: 0.02937 0.02832 0.03105 0.03093 0.02946 0.04622 0.02952 0.02874 0.04222 0.02904 
Threads 22: 0.02882 0.04069 0.03107 0.02919 0.04309 0.02943 0.02924 0.03357 0.03131 0.02857 
Threads 26: 0.03908 0.02989 0.03003 0.04132 0.03179 0.02869 0.03410 0.03013 0.02876 0.02915 
Threads 30: 0.03299 0.03017 0.02893 0.03298 0.03015 0.02907 0.03442 0.02997 0.02993 0.04053 
Threads 34: 0.02998 0.02870 0.02865 0.03392 0.02900 0.02849 0.03383 0.02915 0.02877 0.03723 
Threads 38: 0.03092 0.02875 0.03627 0.03036 0.02901 0.04215 0.02995 0.02946 0.04215 0.03003 
