Serial_times:
1.60897 1.56334 1.57053 1.57631 1.56062 1.57193 1.59205 1.56331 1.58535 1.58649 
Pthread_times:
Threads 2: 1.24052 1.12313 1.22949 1.11840 1.12800 1.17159 1.14826 1.14670 1.10663 1.11370 
Threads 6: 0.76630 0.75320 0.75303 0.72179 0.74912 0.73969 0.74792 0.73384 0.73033 0.73077 
Threads 10: 0.61023 0.63563 0.61947 0.63015 0.62339 0.60713 0.61216 0.59094 0.58742 0.61483 
Threads 14: 0.58008 0.55037 0.55606 0.57665 0.56203 0.56968 0.55815 0.56697 0.55617 0.55983 
Threads 18: 0.49932 0.52097 0.50323 0.51003 0.49640 0.49922 0.51227 0.49438 0.50878 0.50403 
Threads 22: 0.48742 0.48711 0.46859 0.51342 0.47321 0.47830 0.47085 0.49185 0.47087 0.46484 
Threads 26: 0.45629 0.45975 0.46195 0.44810 0.45240 0.45980 0.45105 0.45602 0.45341 0.47292 
Threads 30: 0.43698 0.44492 0.44032 0.43735 0.44410 0.44011 0.44360 0.44974 0.44247 0.45806 
Threads 34: 0.42689 0.42493 0.40174 0.42558 0.42485 0.48262 0.44268 0.45342 0.46808 0.46277 
Threads 38: 0.40000 0.49442 0.44186 0.41496 0.47606 0.45980 0.44112 0.47146 0.52947 0.42387 
Threads 42: 0.61192 0.49149 0.41790 0.40861 0.40610 0.40587 0.39323 0.40703 0.41011 0.47887 
Threads 46: 0.45927 0.45076 0.44100 0.43548 0.43022 0.45359 0.51904 0.50523 0.46659 0.55521 
Threads 50: 0.55017 0.45950 0.44539 0.42011 0.52899 0.42126 0.44873 0.43862 0.38959 0.41412 
Threads 54: 0.41290 0.39130 0.39664 0.40178 0.39493 0.37305 0.38901 0.37380 0.38700 0.40816 
Threads 58: 0.36898 0.36750 0.36750 0.36990 0.36845 0.36260 0.37314 0.36891 0.36756 0.38074 
Threads 62: 0.37335 0.37574 0.37056 0.36466 0.37243 0.41296 0.37161 0.37217 0.37382 0.37949 
Threads 66: 0.36792 0.36514 0.37028 0.38159 0.36997 0.36018 0.37055 0.36475 0.37830 0.39613 
Threads 70: 0.38388 0.40314 0.39121 0.38624 0.36989 0.38501 0.37209 0.38465 0.37936 0.37845 
Threads 74: 0.38393 0.43581 0.45232 0.49581 0.42132 0.45381 0.42686 0.44711 0.48746 0.47941 
Threads 78: 0.44423 0.41604 0.44275 0.41965 0.41690 0.39583 0.39550 0.44570 0.39580 0.38845 
Threads 82: 0.40739 0.48658 0.38908 0.39454 0.50089 0.52598 0.39352 0.40033 0.46860 0.43483 
Threads 86: 0.43629 0.44899 0.42606 0.40149 0.37666 0.42694 0.44904 0.37955 0.37611 0.38091 
Threads 90: 0.42150 0.37307 0.37896 0.40419 0.41915 0.38443 0.38552 0.42454 0.37205 0.37862 
Threads 94: 0.37575 0.37168 0.39140 0.41839 0.37483 0.40597 0.43004 0.38870 0.37901 0.40032 
Threads 98: 0.38034 0.42920 0.40579 0.41004 0.39906 0.42996 0.47428 0.39664 0.40476 0.41323 
Threads 102: 0.44016 0.42370 0.39223 0.44508 0.38092 0.37211 0.37666 0.38119 0.37051 0.36875 
Threads 106: 0.41732 0.40559 0.39251 0.38337 0.38193 0.38412 0.38628 0.37381 0.39186 0.38031 
Threads 110: 0.38472 0.37015 0.38475 0.44495 0.41575 0.38915 0.38197 0.41214 0.40532 0.39575 
Threads 114: 0.38649 0.39576 0.40036 0.41514 0.37624 0.38499 0.37810 0.39507 0.38134 0.38524 
Threads 118: 0.42201 0.42741 0.39208 0.37488 0.41185 0.39190 0.40612 0.38253 0.38185 0.37988 
Threads 122: 0.37028 0.37715 0.37258 0.37459 0.37217 0.37064 0.37381 0.37281 0.37479 0.37480 
Threads 126: 0.37807 0.36981 0.37935 0.37914 0.37282 0.36791 0.37451 0.37622 0.42369 0.42480 

Openmp_times:
Threads 2: 1.20400 1.25468 1.19077 1.20849 1.15091 1.19627 1.20977 1.25165 1.31795 1.29478 
Threads 6: 0.79677 0.74977 0.74331 0.77728 0.75938 0.74443 0.72566 0.71273 0.74563 0.74563 
Threads 10: 0.61707 0.59478 0.63699 0.67741 0.67672 0.64978 0.66611 0.64415 0.64132 0.60969 
Threads 14: 0.61469 0.60287 0.67015 0.60438 0.62162 0.60545 0.64171 0.64286 0.60292 0.67619 
Threads 18: 0.55540 0.53704 0.61339 0.59682 0.56892 0.58153 0.61571 0.64878 0.63001 0.51624 
Threads 22: 0.51059 0.51059 0.50129 0.50804 0.52531 0.53263 0.62276 0.56728 0.56037 0.55459 
Threads 26: 0.51511 0.55935 0.53537 0.51862 0.53265 0.52656 0.56106 0.52202 0.50691 0.55453 
Threads 30: 0.53304 0.51179 0.51043 0.55156 0.53268 0.53430 0.57797 0.52207 0.49067 0.48413 
Threads 34: 0.52785 0.46660 0.49914 0.48048 0.55317 0.46842 0.54096 0.53229 0.53488 0.46166 
Threads 38: 0.47607 0.48092 0.53120 0.47780 0.47699 0.47170 0.45940 0.47565 0.47139 0.46156 
Threads 42: 0.45860 0.51134 0.55144 0.54655 0.50704 0.51342 0.53119 0.52328 0.52096 0.47461 
Threads 46: 0.46621 0.46573 0.47501 0.48221 0.52246 0.48262 0.46083 0.45404 0.45183 0.46953 
Threads 50: 0.44499 0.46439 0.47738 0.43167 0.46534 0.48292 0.44047 0.43073 0.48674 0.45130 
Threads 54: 0.47867 0.44244 0.43344 0.43294 0.45538 0.46922 0.44454 0.43686 0.44120 0.43037 
Threads 58: 0.43079 0.43083 0.43104 0.43474 0.42538 0.44036 0.43311 0.43015 0.44557 0.43549 
Threads 62: 0.42664 0.46921 0.46281 0.43481 0.43025 0.43026 0.46106 0.41319 0.42760 0.41632 
Threads 66: 0.40497 0.40654 0.43164 0.44271 0.40863 0.40729 0.42953 0.41239 0.40912 0.40046 
Threads 70: 0.41061 0.39811 0.40591 0.41970 0.41262 0.41133 0.42071 0.40052 0.41174 0.40240 
Threads 74: 0.40851 0.40604 0.41319 0.41272 0.43120 0.45347 0.42573 0.41938 0.43169 0.45928 
Threads 78: 0.40438 0.40487 0.40372 0.39224 0.39890 0.41089 0.40558 0.41592 0.44683 0.46129 
Threads 82: 0.43001 0.44910 0.40805 0.40313 0.40512 0.39860 0.41572 0.40820 0.44433 0.40768 
Threads 86: 0.40758 0.40211 0.39783 0.40299 0.40557 0.41338 0.43126 0.42535 0.40897 0.44204 
Threads 90: 0.42446 0.45663 0.44469 0.45672 0.41700 0.39919 0.39752 0.39953 0.40743 0.39723 
Threads 94: 0.40720 0.39761 0.39368 0.39284 0.39831 0.40446 0.40049 0.39899 0.39907 0.40372 
Threads 98: 0.37744 0.39387 0.38872 0.39561 0.39508 0.40586 0.39379 0.40280 0.40791 0.40581 
Threads 102: 0.37822 0.39428 0.38780 0.39728 0.39285 0.38723 0.39495 0.39295 0.39633 0.39718 
Threads 106: 0.35024 0.39751 0.40714 0.38173 0.39248 0.39591 0.39796 0.39313 0.43040 0.40667 
Threads 110: 0.38279 0.40095 0.39198 0.39240 0.42541 0.41056 0.39619 0.38496 0.39526 0.39629 
Threads 114: 0.39495 0.38754 0.39312 0.39057 0.38645 0.38352 0.38884 0.38602 0.39527 0.38737 
Threads 118: 0.36606 0.38982 0.38811 0.38958 0.38044 0.38981 0.39397 0.39538 0.40912 0.39562 
Threads 122: 0.36354 0.38553 0.38742 0.39011 0.38786 0.39121 0.38989 0.38418 0.38359 0.39877 
Threads 126: 0.39172 0.39303 0.38211 0.38560 0.39543 0.38341 0.39237 0.38173 0.43764 0.42885 

OpenCilk_times:
Threads 2: 0.35114 0.36229 0.37412 0.35778 0.40686 0.49195 0.44227 0.38103 0.57739 0.47009 
Threads 6: 0.41289 0.35432 0.37436 0.35179 0.38177 0.38347 0.36682 0.36719 0.36053 0.37891 
Threads 10: 0.36701 0.37419 0.37219 0.38724 0.36422 0.37474 0.35681 0.35584 0.36316 0.36048 
Threads 14: 0.38505 0.37738 0.36654 0.43250 0.41056 0.37982 0.40109 0.39883 0.45590 0.39856 
Threads 18: 0.38595 0.35506 0.43330 0.39845 0.43502 0.39710 0.47676 0.42497 0.44861 0.39481 
Threads 22: 0.43038 0.38687 0.47649 0.40333 0.43075 0.42414 0.39872 0.38818 0.52254 0.42558 
Threads 26: 0.48592 0.47439 0.45394 0.54512 0.53558 0.52788 0.48115 0.45851 0.43197 0.45102 
Threads 30: 0.47050 0.48473 0.49137 0.40852 0.39669 0.39345 0.36313 0.36143 0.37502 0.39764 
Threads 34: 0.36893 0.39068 0.36905 0.35937 0.39230 0.37222 0.37608 0.40024 0.38075 0.36027 
Threads 38: 0.36512 0.38008 0.39193 0.38190 0.36388 0.37441 0.39031 0.38382 0.37936 0.37028 
Threads 42: 0.36633 0.37530 0.38203 0.39134 0.38734 0.36236 0.39785 0.39450 0.39691 0.36436 
Threads 46: 0.39017 0.37596 0.37050 0.40625 0.47841 0.40735 0.42624 0.38079 0.42013 0.41406 
Threads 50: 0.41293 0.45701 0.38039 0.40056 0.38442 0.36340 0.37544 0.39030 0.36381 0.37657 
Threads 54: 0.37770 0.36747 0.36749 0.38747 0.38433 0.43798 0.43872 0.43546 0.37790 0.36559 
Threads 58: 0.38357 0.38182 0.39549 0.36422 0.36499 0.37314 0.37967 0.37368 0.39370 0.36937 
Threads 62: 0.37828 0.37414 0.38737 0.38671 0.38170 0.37340 0.37772 0.38475 0.36565 0.38273 
Threads 66: 0.39390 0.36804 0.37385 0.38749 0.37950 0.39504 0.38665 0.38150 0.37563 0.38900 
Threads 70: 0.36673 0.38661 0.36563 0.38426 0.37404 0.37021 0.37493 0.38800 0.36872 0.36387 
Threads 74: 0.38054 0.36791 0.39607 0.38394 0.39006 0.38294 0.40057 0.37907 0.38931 0.39187 
Threads 78: 0.40837 0.37694 0.38129 0.38988 0.37329 0.38590 0.36538 0.39996 0.36329 0.38037 
Threads 82: 0.37573 0.37920 0.37535 0.36125 0.38930 0.37582 0.37990 0.37371 0.39532 0.38779 
Threads 86: 0.36569 0.38667 0.37927 0.38017 0.38035 0.38789 0.37067 0.39861 0.39258 0.39569 
Threads 90: 0.38802 0.38049 0.38115 0.36777 0.38244 0.37418 0.36528 0.36955 0.36241 0.37631 
Threads 94: 0.37503 0.38216 0.37160 0.37110 0.38031 0.37677 0.36621 0.39632 0.38741 0.39679 
Threads 98: 0.38951 0.36724 0.38755 0.38254 0.37783 0.37155 0.36891 0.38173 0.37547 0.36772 
Threads 102: 0.39028 0.35808 0.38167 0.36794 0.38602 0.37161 0.36282 0.36291 0.38713 0.37820 
Threads 106: 0.38387 0.37198 0.37933 0.36621 0.39391 0.36819 0.42195 0.36966 0.39376 0.36598 
Threads 110: 0.39138 0.39460 0.36747 0.39226 0.36322 0.37860 0.37191 0.37771 0.36279 0.36426 
Threads 114: 0.38165 0.38003 0.37759 0.37297 0.39778 0.36529 0.36726 0.54226 0.40212 0.39641 
Threads 118: 0.38322 0.36656 0.39379 0.38076 0.37070 0.37315 0.38200 0.37950 0.38064 0.39925 
Threads 122: 0.37144 0.36148 0.39151 0.36951 0.36915 0.37057 0.37452 0.37400 0.36404 0.38172 
Threads 126: 0.40416 0.40982 0.36690 0.39324 0.36842 0.38181 0.36505 0.36333 0.37015 0.39520 
