Serial_times:
0.76281 0.80713 0.83716 0.75642 0.82057 0.82991 0.75943 0.75737 0.77955 0.78664 0.78590 0.76922 0.78201 0.76181 0.78510 0.81328 0.88206 0.87054 0.84194 0.83401 
Pthread_times:
Threads 2: 0.49806 0.46893 0.45320 0.59735 0.50327 0.52802 0.46715 0.49255 0.49182 0.42534 0.42921 0.43372 0.42778 0.43456 0.44341 0.49404 0.47842 0.45460 0.43347 0.42877 
Threads 6: 0.19022 0.20820 0.20131 0.18545 0.19702 0.19365 0.19832 0.19435 0.18868 0.19576 0.19337 0.19201 0.18926 0.20814 0.21993 0.20152 0.19014 0.18831 0.18874 0.19844 
Threads 10: 0.19159 0.19561 0.18403 0.20114 0.19568 0.18641 0.18421 0.19515 0.18578 0.20633 0.19345 0.20071 0.21667 0.19804 0.19423 0.19835 0.18844 0.19520 0.17300 0.19297 
Threads 14: 0.18401 0.17263 0.16900 0.17423 0.17648 0.16970 0.17525 0.16929 0.17304 0.16458 0.17262 0.17003 0.17835 0.18794 0.16914 0.17012 0.17018 0.17462 0.18126 0.17687 
Threads 18: 0.20577 0.19110 0.17988 0.19188 0.17368 0.19295 0.16863 0.17987 0.17736 0.18584 0.18050 0.17435 0.17074 0.18900 0.20275 0.18664 0.16863 0.17549 0.17509 0.17412 
Threads 22: 0.16459 0.17097 0.17183 0.18116 0.17744 0.16661 0.16475 0.16333 0.18232 0.17935 0.17813 0.16988 0.18490 0.18005 0.16244 0.16565 0.20955 0.17809 0.16915 0.16266 
Threads 26: 0.18092 0.19591 0.17906 0.17720 0.17289 0.20383 0.18995 0.18667 0.18022 0.17440 0.17142 0.18018 0.17703 0.17225 0.17046 0.17158 0.17562 0.20467 0.18201 0.19289 
Threads 30: 0.18423 0.19322 0.17543 0.17904 0.18144 0.15945 0.18303 0.16615 0.19339 0.18882 0.16700 0.16745 0.17514 0.15950 0.17618 0.16516 0.17274 0.17055 0.19488 0.16933 
Threads 34: 0.17232 0.17460 0.18225 0.17724 0.17402 0.16797 0.17459 0.16542 0.17182 0.16921 0.16593 0.16965 0.16917 0.16868 0.17204 0.16839 0.16822 0.16632 0.17333 0.16946 
Threads 38: 0.16675 0.16968 0.17409 0.16306 0.17171 0.17591 0.18399 0.15909 0.18088 0.18039 0.17101 0.19433 0.17267 0.19576 0.18948 0.17964 0.21871 0.16671 0.17761 0.17633 

Openmp_times:
Threads 2: 0.38558 0.40499 0.39914 0.38375 0.38236 0.41129 0.40909 0.39750 0.39203 0.38663 0.40915 0.40873 0.42206 0.39389 0.38726 0.38451 0.41514 0.41304 0.41094 0.43552 
Threads 6: 0.17099 0.15176 0.15489 0.15354 0.15134 0.15936 0.16719 0.17014 0.15627 0.16418 0.16197 0.15836 0.15947 0.15611 0.16764 0.16127 0.17541 0.15386 0.14872 0.14836 
Threads 10: 0.13332 0.13194 0.12927 0.15596 0.15911 0.13715 0.13931 0.12873 0.14682 0.12968 0.14110 0.14916 0.13266 0.14358 0.14335 0.13420 0.13472 0.13459 0.15974 0.16013 
Threads 14: 0.14902 0.13916 0.13075 0.12880 0.13062 0.14532 0.14572 0.15504 0.13154 0.12914 0.13166 0.13778 0.13018 0.13134 0.13222 0.13281 0.12824 0.12892 0.12774 0.12904 
Threads 18: 0.12873 0.13638 0.13864 0.12930 0.13996 0.13443 0.12884 0.12712 0.13304 0.13619 0.12811 0.13099 0.13150 0.13045 0.13194 0.13320 0.15438 0.14728 0.13526 0.15282 
Threads 22: 0.13929 0.17304 0.13575 0.13140 0.15464 0.17192 0.13961 0.15234 0.13234 0.13327 0.14179 0.15223 0.15053 0.13221 0.13440 0.12938 0.12784 0.15144 0.14502 0.17528 
Threads 26: 0.19507 0.13459 0.13219 0.12843 0.12702 0.12613 0.13040 0.13087 0.12924 0.13016 0.12590 0.12937 0.12823 0.15157 0.17410 0.13874 0.14238 0.13014 0.15800 0.14505 
Threads 30: 0.13793 0.13075 0.14865 0.16397 0.13374 0.15475 0.15470 0.13814 0.13559 0.14598 0.14578 0.14705 0.15156 0.14682 0.13026 0.13315 0.12930 0.13259 0.13557 0.16282 
Threads 34: 0.17740 0.13315 0.13081 0.14133 0.13048 0.13833 0.13157 0.13126 0.13478 0.16314 0.13557 0.12907 0.13438 0.13378 0.13242 0.12814 0.12708 0.12790 0.12955 0.13288 
Threads 38: 0.15541 0.13233 0.13368 0.13412 0.12786 0.13705 0.13257 0.13580 0.13588 0.13335 0.13946 0.13033 0.13487 0.13705 0.15567 0.14192 0.14804 0.12873 0.12922 0.13090 

OpenCilk_times:
Threads 2: 0.15299 0.14635 0.15360 0.14487 0.15460 0.14783 0.15316 0.19939 0.18082 0.16228 
Threads 6: 0.16665 0.14900 0.14935 0.15221 0.15008 0.14656 0.16497 0.15101 0.15157 0.15645 
Threads 10: 0.15285 0.14979 0.15302 0.14859 0.15309 0.14856 0.15146 0.14662 0.15018 0.17844 
Threads 14: 0.16056 0.14686 0.15500 0.14505 0.15125 0.14619 0.15355 0.14759 0.15064 0.14730 
Threads 18: 0.15612 0.14594 0.15104 0.14866 0.15117 0.14854 0.15656 0.14591 0.15099 0.14832 
Threads 22: 0.15372 0.14924 0.15153 0.14473 0.14983 0.14631 0.16054 0.15062 0.15011 0.14771 
Threads 26: 0.15465 0.14689 0.15701 0.15007 0.15184 0.14647 0.15477 0.14661 0.15495 0.14786 
Threads 30: 0.15555 0.14594 0.15647 0.14893 0.15316 0.14811 0.15149 0.15023 0.16057 0.14919 
Threads 34: 0.14947 0.14708 0.16011 0.14932 0.15142 0.15492 0.15152 0.14740 0.15172 0.14886 
Threads 38: 0.15342 0.14738 0.14512 0.15124 0.14325 0.14979 0.18991 0.14848 0.15135 0.15028 
