OpenCilk_times:
Threads 2: 0.02508 0.02097 0.01926 0.01785 0.03293 0.01778 0.01853 0.01810 0.01735 0.01740 
Threads 6: 0.02031 0.01716 0.01825 0.01755 0.01880 0.01738 0.01744 0.01924 0.01740 0.01774 
Threads 10: 0.01764 0.01737 0.01725 0.01846 0.01745 0.01726 0.01757 0.01758 0.01840 0.01730 
Threads 14: 0.01735 0.01730 0.01741 0.01711 0.01819 0.01719 0.01775 0.01900 0.01787 0.01903 
Threads 18: 0.01739 0.01750 0.01784 0.01733 0.01730 0.01833 0.01873 0.01728 0.01774 0.01736 
Threads 22: 0.01735 0.02228 0.01792 0.01761 0.01732 0.01713 0.01912 0.01739 0.01769 0.01742 
Threads 26: 0.01755 0.01798 0.01740 0.01744 0.01739 0.01741 0.01729 0.01754 0.01754 0.01683 
Threads 30: 0.01739 0.01800 0.01900 0.01734 0.01745 0.01769 0.02018 0.01843 0.01905 0.01984 
Threads 34: 0.01759 0.01767 0.01744 0.01766 0.01717 0.01728 0.01730 0.01728 0.01740 0.01748 
Threads 38: 0.01732 0.01707 0.02057 0.01722 0.01764 0.01747 0.01720 0.01895 0.01810 0.01738 
Threads 42: 0.01739 0.01730 0.01701 0.01726 0.01708 0.01808 0.02083 0.01769 0.01743 0.01751 
Threads 46: 0.01763 0.01785 0.01906 0.02076 0.02077 0.01929 0.01743 0.01749 0.01751 0.02023 
Threads 50: 0.01857 0.01751 0.01719 0.01701 0.01758 0.01767 0.01854 0.01814 0.01719 0.01778 
Threads 54: 0.01753 0.01779 0.01886 0.01830 0.01765 0.01759 0.01854 0.01902 0.01721 0.01746 
Threads 58: 0.01736 0.01729 0.01730 0.01868 0.01721 0.01843 0.02826 0.01735 0.01774 0.01748 
Threads 62: 0.01774 0.01808 0.01735 0.01745 0.01768 0.01715 0.01742 0.01713 0.01760 0.01818 
Threads 66: 0.01789 0.01868 0.01766 0.01750 0.01720 0.01761 0.01739 0.01750 0.01749 0.01760 
Threads 70: 0.01778 0.01745 0.01719 0.01748 0.01794 0.01724 0.01855 0.01884 0.01760 0.01751 
Threads 74: 0.01741 0.01901 0.01743 0.01735 0.01733 0.01757 0.01757 0.01737 0.01733 0.01753 
Threads 78: 0.01781 0.03429 0.02265 0.03295 0.02023 0.01758 0.01756 0.01724 0.01738 0.02029 

