Serial_times:
0.09005 0.08125 0.07925 0.07610 0.07607 0.07638 0.08127 0.07599 0.07864 0.07767 
Parallel_times:
Threads 2: 0.05960 0.05504 0.05286 0.06220 0.05758 0.05036 0.04832 0.04913 0.05150 0.05215 
Threads 3: 0.03907 0.03856 0.03767 0.03930 0.03741 0.04167 0.03922 0.04052 0.03764 0.03682 
Threads 4: 0.02946 0.03020 0.02951 0.03019 0.03036 0.03169 0.02928 0.02906 0.02999 0.03216 

Openmp_times:
Threads 2: 0.05337 0.05388 0.05430 0.05407 0.05122 0.04904 0.04910 0.05025 0.05048 0.04976 
Threads 3: 0.03949 0.03641 0.03712 0.03862 0.03925 0.03691 0.03952 0.03836 0.03759 0.03940 
Threads 4: 0.03081 0.03175 0.03057 0.03101 0.03340 0.03439 0.03616 0.03261 0.03233 0.03038 

