Pthread_times:
Threads 2: 0.05322 0.04378 0.04210 0.04170 0.04509 0.04112 0.04078 0.04088 0.04143 0.04297 0.04224 0.04418 0.04057 0.04081 0.04553 0.04122 0.04210 0.04135 0.04605 0.04136 
Threads 4: 0.04800 0.04831 0.04869 0.04848 0.04615 0.04583 0.04763 0.04733 0.04552 0.04901 0.04734 0.04870 0.04875 0.04540 0.04605 0.04798 0.04630 0.04767 0.04646 0.04816 
Threads 6: 0.03262 0.03358 0.03330 0.03194 0.03500 0.02625 0.03480 0.03417 0.03562 0.03359 0.03142 0.03330 0.03322 0.03442 0.03356 0.03235 0.02857 0.03403 0.03424 0.03259 
Threads 8: 0.03353 0.03284 0.03014 0.03176 0.03291 0.03211 0.03252 0.03106 0.03239 0.03119 0.03240 0.03227 0.03235 0.03117 0.03175 0.03189 0.03352 0.03228 0.03131 0.03281 
Threads 10: 0.03059 0.03380 0.03401 0.03155 0.03021 0.03245 0.02963 0.03390 0.03207 0.02971 0.03061 0.03233 0.03100 0.03178 0.03446 0.03177 0.03176 0.03112 0.03244 0.02975 
Threads 12: 0.03130 0.03185 0.03098 0.03163 0.03168 0.03192 0.03230 0.03136 0.03099 0.03223 0.03328 0.03229 0.03246 0.03186 0.03245 0.03254 0.03049 0.03050 0.03291 0.03149 
Threads 14: 0.02560 0.02372 0.02673 0.02459 0.02665 0.02655 0.02366 0.02567 0.02474 0.02537 0.02398 0.02506 0.02790 0.02287 0.02411 0.02768 0.02565 0.02582 0.02600 0.02560 
Threads 16: 0.02278 0.02241 0.02364 0.02224 0.02752 0.02335 0.02430 0.02500 0.02762 0.02435 0.02296 0.02238 0.02454 0.02467 0.02266 0.02238 0.02148 0.02465 0.02251 0.02153 
Threads 18: 0.02731 0.02620 0.02666 0.02542 0.02693 0.02586 0.02664 0.02733 0.02597 0.02536 0.02526 0.02586 0.02361 0.02614 0.02436 0.02514 0.02495 0.02697 0.02596 0.02485 
Threads 20: 0.02410 0.02573 0.02628 0.02398 0.02716 0.02369 0.02659 0.02546 0.02562 0.02553 0.02592 0.02506 0.02523 0.02754 0.02659 0.02616 0.02432 0.02559 0.02507 0.02449 
Threads 22: 0.01983 0.02154 0.02161 0.02028 0.02047 0.02172 0.01913 0.02075 0.02010 0.01783 0.02126 0.02069 0.02320 0.02002 0.02151 0.02038 0.02199 0.02152 0.02187 0.01963 
Threads 24: 0.02611 0.02419 0.02518 0.02430 0.02410 0.02605 0.02456 0.02480 0.06363 0.02248 0.02736 0.02402 0.02529 0.02472 0.02370 0.02508 0.02377 0.02409 0.02429 0.02316 
Threads 26: 0.02010 0.01961 0.02184 0.01993 0.01878 0.02117 0.01986 0.01911 0.01857 0.01981 0.02083 0.02083 0.01909 0.02023 0.02084 0.02022 0.02111 0.02048 0.02091 0.01764 
Threads 28: 0.02022 0.01955 0.01888 0.02072 0.01735 0.01878 0.01986 0.01934 0.01869 0.01992 0.01989 0.02537 0.02043 0.02014 0.02048 0.01845 0.02173 0.01899 0.01958 0.02281 
Threads 30: 0.02293 0.02365 0.02389 0.02193 0.02060 0.02182 0.02056 0.02170 0.02043 0.02364 0.02564 0.03295 0.02369 0.02102 0.02308 0.02220 0.02377 0.02145 0.02132 0.02899 
Threads 32: 0.01929 0.02098 0.01988 0.02127 0.02267 0.02088 0.02094 0.02067 0.01960 0.01935 0.01841 0.01956 0.01962 0.01986 0.02111 0.01889 0.02077 0.02040 0.02016 0.02009 
Threads 34: 0.02106 0.02491 0.02231 0.02007 0.02256 0.02171 0.02108 0.02377 0.02196 0.02266 0.02198 0.02411 0.02140 0.02112 0.02304 0.02614 0.02408 0.02293 0.02185 0.02242 
Threads 36: 0.02060 0.02277 0.01977 0.01896 0.01880 0.02029 0.02179 0.02293 0.02220 0.02130 0.02068 0.02189 0.02092 0.01932 0.02213 0.02221 0.02288 0.02362 0.02220 0.02042 
Threads 38: 0.02012 0.02020 0.01979 0.02038 0.02129 0.01892 0.01988 0.02047 0.02105 0.02090 0.02074 0.01996 0.02081 0.02019 0.01961 0.02020 0.02275 0.02172 0.02031 0.02189 
Threads 40: 0.01998 0.02288 0.02024 0.01945 0.02125 0.02168 0.02073 0.02273 0.01836 0.02084 0.02086 0.02333 0.01980 0.01938 0.01988 0.02169 0.02105 0.02255 0.01948 0.02043 

