Pthread_times:
Threads 2: 0.46261 0.45636 0.47039 0.45448 0.45247 0.45251 0.47198 0.44997 0.45653 0.45515 0.45861 0.44457 0.46603 0.45617 0.45754 0.45326 0.45039 0.47235 0.45388 0.45433 
Threads 4: 0.23596 0.25039 0.24774 0.24797 0.23906 0.24102 0.25266 0.25231 0.26173 0.25350 0.25508 0.24766 0.24767 0.25225 0.25558 0.24695 0.24440 0.25899 0.24735 0.26064 
Threads 6: 0.19873 0.20267 0.20548 0.20527 0.20444 0.20192 0.20034 0.20788 0.20003 0.19970 0.20447 0.20257 0.20071 0.20332 0.19910 0.20255 0.20112 0.20716 0.20767 0.19813 
Threads 8: 0.16568 0.15873 0.15788 0.16204 0.16322 0.16440 0.16528 0.17220 0.16135 0.16908 0.16997 0.16216 0.16586 0.16190 0.16169 0.15928 0.16789 0.15685 0.19694 0.16750 
Threads 10: 0.17363 0.17238 0.17673 0.16769 0.16718 0.16479 0.16979 0.17532 0.17557 0.17090 0.17184 0.16939 0.17302 0.16952 0.16623 0.16813 0.16706 0.17348 0.17004 0.16453 
Threads 12: 0.16648 0.15490 0.15329 0.16670 0.16136 0.15226 0.16344 0.17123 0.15602 0.15845 0.15274 0.15861 0.16410 0.15825 0.15648 0.16305 0.15738 0.15355 0.15686 0.16507 
Threads 14: 0.21800 0.20730 0.18418 0.18982 0.17703 0.20492 0.21443 0.19185 0.18206 0.18621 0.17678 0.18793 0.17223 0.17453 0.17704 0.16514 0.18667 0.19114 0.20045 0.20011 
Threads 16: 0.18853 0.17773 0.19450 0.18834 0.19926 0.19318 0.18693 0.17871 0.18084 0.18345 0.19586 0.18087 0.18718 0.18489 0.17377 0.18999 0.17673 0.18015 0.19699 0.19678 
Threads 18: 0.18993 0.18218 0.17586 0.17963 0.19143 0.18388 0.19005 0.17805 0.16941 0.18373 0.19610 0.18830 0.16680 0.18780 0.19682 0.18582 0.18961 0.18457 0.17657 0.18667 
Threads 20: 0.17210 0.17056 0.18575 0.19932 0.21210 0.17829 0.18167 0.18346 0.16607 0.17284 0.17738 0.19823 0.20307 0.23677 0.18395 0.16936 0.17394 0.16968 0.17218 0.17154 
Threads 22: 0.17232 0.17499 0.17751 0.17637 0.18110 0.17871 0.16687 0.18241 0.16912 0.18268 0.18535 0.17380 0.17426 0.20050 0.17131 0.17500 0.18071 0.17215 0.17844 0.17081 
Threads 24: 0.17119 0.18279 0.16960 0.17583 0.17009 0.17393 0.17457 0.17939 0.17866 0.17228 0.16402 0.16183 0.17349 0.17742 0.16956 0.18189 0.16350 0.17330 0.17009 0.17840 
Threads 26: 0.17877 0.16737 0.19031 0.17789 0.17462 0.17232 0.16663 0.17165 0.20715 0.17571 0.21011 0.16925 0.17304 0.16698 0.16290 0.17366 0.17619 0.17423 0.17241 0.18051 
Threads 28: 0.19197 0.19208 0.17252 0.20367 0.17035 0.18495 0.16720 0.16680 0.17355 0.17598 0.17280 0.17926 0.17846 0.17435 0.18358 0.17336 0.18478 0.17051 0.19317 0.16952 
Threads 30: 0.16612 0.17011 0.18354 0.17122 0.16996 0.19735 0.17516 0.17056 0.18697 0.18574 0.17114 0.16406 0.17056 0.16243 0.16554 0.16725 0.16725 0.16795 0.16380 0.16775 
Threads 32: 0.16389 0.17303 0.16960 0.17128 0.17341 0.17499 0.20857 0.17441 0.19925 0.16512 0.17389 0.20360 0.17897 0.17255 0.17664 0.16769 0.17680 0.17321 0.17076 0.17238 
Threads 34: 0.18481 0.16388 0.17677 0.16210 0.16287 0.17083 0.16092 0.16565 0.17367 0.16340 0.15976 0.16872 0.16667 0.16808 0.16809 0.18091 0.16941 0.15904 0.17519 0.15980 
Threads 36: 0.17302 0.16644 0.17263 0.16897 0.18002 0.19407 0.17434 0.18062 0.18121 0.18486 0.16749 0.16683 0.18664 0.16332 0.16023 0.17821 0.15887 0.15915 0.17213 0.16744 
Threads 38: 0.17589 0.17270 0.15839 0.16140 0.19420 0.17455 0.16807 0.20752 0.17364 0.16110 0.16369 0.16864 0.16615 0.15994 0.16446 0.16134 0.15793 0.15993 0.18048 0.16624 
Threads 40: 0.16776 0.16019 0.17289 0.16945 0.14896 0.14239 0.15225 0.14550 0.15409 0.21806 0.15438 0.14668 0.14799 0.14567 0.14308 0.14806 0.14836 0.14173 0.14788 0.14432 
Threads 42: 0.14652 0.14752 0.14891 0.14844 0.15042 0.14839 0.15345 0.15630 0.14696 0.15127 0.14458 0.14713 0.16471 0.15151 0.15082 0.15112 0.14918 0.14811 0.14882 0.14588 
Threads 44: 0.14759 0.14605 0.14891 0.14604 0.14597 0.14977 0.14204 0.15155 0.14644 0.16641 0.15277 0.14350 0.14957 0.14145 0.14411 0.14614 0.15173 0.14747 0.14382 0.14388 
Threads 46: 0.14213 0.14571 0.14567 0.14776 0.14813 0.14522 0.14476 0.14561 0.14731 0.14557 0.15173 0.15353 0.14334 0.14475 0.14466 0.14978 0.14252 0.14754 0.14382 0.14613 
Threads 48: 0.14474 0.14923 0.14833 0.14499 0.14938 0.14767 0.15615 0.15413 0.14753 0.14861 0.14706 0.14727 0.14683 0.14549 0.14700 0.14575 0.14903 0.14885 0.14566 0.14642 
Threads 50: 0.14281 0.14575 0.14609 0.14937 0.14554 0.14527 0.14928 0.15144 0.14597 0.14355 0.14519 0.14704 0.14239 0.14702 0.14552 0.14682 0.14871 0.14363 0.17781 0.15137 
Threads 52: 0.14952 0.14843 0.14989 0.14725 0.15008 0.14649 0.15247 0.14615 0.14788 0.14761 0.14889 0.14891 0.14953 0.14903 0.15077 0.14975 0.15176 0.15075 0.15172 0.15440 
Threads 54: 0.15054 0.15404 0.14730 0.15233 0.15241 0.15137 0.14470 0.14853 0.15369 0.14725 0.14891 0.14941 0.15011 0.15054 0.14769 0.14990 0.15459 0.15231 0.15466 0.14976 
Threads 56: 0.14724 0.14903 0.14970 0.14912 0.15190 0.14773 0.14852 0.14978 0.14944 0.15545 0.14778 0.14929 0.14892 0.15328 0.15191 0.14729 0.14881 0.14783 0.14727 0.14751 
Threads 58: 0.14862 0.15071 0.15203 0.15229 0.15696 0.17550 0.14672 0.14714 0.14737 0.15129 0.14743 0.15707 0.16498 0.14613 0.15175 0.14946 0.15085 0.15075 0.14847 0.15246 
Threads 60: 0.14900 0.14993 0.14610 0.14945 0.14828 0.14848 0.15354 0.14969 0.15223 0.15295 0.14526 0.15045 0.14553 0.14806 0.15404 0.17250 0.14835 0.14376 0.15119 0.14427 
Threads 62: 0.15402 0.14885 0.15042 0.14846 0.14775 0.14695 0.15026 0.14936 0.14998 0.14876 0.15035 0.14631 0.14895 0.14626 0.14937 0.14367 0.14830 0.14872 0.14839 0.14761 
Threads 64: 0.14742 0.14974 0.14964 0.14730 0.15331 0.15181 0.15058 0.14472 0.15590 0.15147 0.15638 0.14985 0.18292 0.14936 0.14885 0.15295 0.15564 0.14970 0.15154 0.14575 
Threads 66: 0.14760 0.14826 0.14652 0.14898 0.14860 0.14447 0.15063 0.14518 0.14826 0.15660 0.16343 0.15338 0.15293 0.14461 0.14706 0.14291 0.14511 0.14892 0.14402 0.14126 
Threads 68: 0.14247 0.14621 0.15005 0.14868 0.14857 0.15670 0.14551 0.14410 0.14564 0.14621 0.14191 0.14276 0.14817 0.14923 0.14786 0.14521 0.19380 0.16070 0.14206 0.14460 
Threads 70: 0.14555 0.14379 0.14462 0.14728 0.15033 0.14408 0.14445 0.14122 0.14145 0.14913 0.14781 0.14889 0.14061 0.14506 0.14398 0.14460 0.14382 0.14842 0.14415 0.14391 
Threads 72: 0.18988 0.14424 0.14394 0.14788 0.14421 0.14340 0.14318 0.14431 0.14032 0.14464 0.14554 0.14643 0.14280 0.14404 0.14702 0.15659 0.14996 0.14844 0.14372 0.14840 
Threads 74: 0.14216 0.14970 0.14950 0.14751 0.14682 0.15426 0.15100 0.14619 0.14807 0.14947 0.14559 0.14582 0.14200 0.14584 0.14677 0.14678 0.14435 0.14759 0.14485 0.14402 
Threads 76: 0.14728 0.14710 0.15297 0.14650 0.14926 0.15459 0.14899 0.14684 0.14350 0.14457 0.14852 0.15201 0.14937 0.14789 0.14600 0.14420 0.14796 0.15108 0.15656 0.14726 
Threads 78: 0.14905 0.14364 0.14885 0.14691 0.14694 0.14476 0.14394 0.14270 0.19116 0.14821 0.14469 0.15844 0.14476 0.14356 0.14582 0.14403 0.14894 0.14613 0.14974 0.14762 
Threads 80: 0.14735 0.14347 0.14734 0.14822 0.15161 0.15805 0.16277 0.15006 0.14665 0.14136 0.14399 0.14936 0.14677 0.14625 0.14676 0.14796 0.14588 0.14579 0.14441 0.14782 

