OpenCilk_times:
Threads 2: 0.15299 0.14635 0.15360 0.14487 0.15460 0.14783 0.15316 0.19939 0.18082 0.16228 
Threads 6: 0.16665 0.14900 0.14935 0.15221 0.15008 0.14656 0.16497 0.15101 0.15157 0.15645 
Threads 10: 0.15285 0.14979 0.15302 0.14859 0.15309 0.14856 0.15146 0.14662 0.15018 0.17844 
Threads 14: 0.16056 0.14686 0.15500 0.14505 0.15125 0.14619 0.15355 0.14759 0.15064 0.14730 
Threads 18: 0.15612 0.14594 0.15104 0.14866 0.15117 0.14854 0.15656 0.14591 0.15099 0.14832 
Threads 22: 0.15372 0.14924 0.15153 0.14473 0.14983 0.14631 0.16054 0.15062 0.15011 0.14771 
Threads 26: 0.15465 0.14689 0.15701 0.15007 0.15184 0.14647 0.15477 0.14661 0.15495 0.14786 
Threads 30: 0.15555 0.14594 0.15647 0.14893 0.15316 0.14811 0.15149 0.15023 0.16057 0.14919 
Threads 34: 0.14947 0.14708 0.16011 0.14932 0.15142 0.15492 0.15152 0.14740 0.15172 0.14886 
Threads 38: 0.15342 0.14738 0.14512 0.15124 0.14325 0.14979 0.18991 0.14848 0.15135 0.15028 

