OpenCilk_times:
Threads 2: 0.35114 0.36229 0.37412 0.35778 0.40686 0.49195 0.44227 0.38103 0.57739 0.47009 
Threads 6: 0.41289 0.35432 0.37436 0.35179 0.38177 0.38347 0.36682 0.36719 0.36053 0.37891 
Threads 10: 0.36701 0.37419 0.37219 0.38724 0.36422 0.37474 0.35681 0.35584 0.36316 0.36048 
Threads 14: 0.38505 0.37738 0.36654 0.43250 0.41056 0.37982 0.40109 0.39883 0.45590 0.39856 
Threads 18: 0.38595 0.35506 0.43330 0.39845 0.43502 0.39710 0.47676 0.42497 0.44861 0.39481 
Threads 22: 0.43038 0.38687 0.47649 0.40333 0.43075 0.42414 0.39872 0.38818 0.52254 0.42558 
Threads 26: 0.48592 0.47439 0.45394 0.54512 0.53558 0.52788 0.48115 0.45851 0.43197 0.45102 
Threads 30: 0.47050 0.48473 0.49137 0.40852 0.39669 0.39345 0.36313 0.36143 0.37502 0.39764 
Threads 34: 0.36893 0.39068 0.36905 0.35937 0.39230 0.37222 0.37608 0.40024 0.38075 0.36027 
Threads 38: 0.36512 0.38008 0.39193 0.38190 0.36388 0.37441 0.39031 0.38382 0.37936 0.37028 
Threads 42: 0.36633 0.37530 0.38203 0.39134 0.38734 0.36236 0.39785 0.39450 0.39691 0.36436 
Threads 46: 0.39017 0.37596 0.37050 0.40625 0.47841 0.40735 0.42624 0.38079 0.42013 0.41406 
Threads 50: 0.41293 0.45701 0.38039 0.40056 0.38442 0.36340 0.37544 0.39030 0.36381 0.37657 
Threads 54: 0.37770 0.36747 0.36749 0.38747 0.38433 0.43798 0.43872 0.43546 0.37790 0.36559 
Threads 58: 0.38357 0.38182 0.39549 0.36422 0.36499 0.37314 0.37967 0.37368 0.39370 0.36937 
Threads 62: 0.37828 0.37414 0.38737 0.38671 0.38170 0.37340 0.37772 0.38475 0.36565 0.38273 
Threads 66: 0.39390 0.36804 0.37385 0.38749 0.37950 0.39504 0.38665 0.38150 0.37563 0.38900 
Threads 70: 0.36673 0.38661 0.36563 0.38426 0.37404 0.37021 0.37493 0.38800 0.36872 0.36387 
Threads 74: 0.38054 0.36791 0.39607 0.38394 0.39006 0.38294 0.40057 0.37907 0.38931 0.39187 
Threads 78: 0.40837 0.37694 0.38129 0.38988 0.37329 0.38590 0.36538 0.39996 0.36329 0.38037 
Threads 82: 0.37573 0.37920 0.37535 0.36125 0.38930 0.37582 0.37990 0.37371 0.39532 0.38779 
Threads 86: 0.36569 0.38667 0.37927 0.38017 0.38035 0.38789 0.37067 0.39861 0.39258 0.39569 
Threads 90: 0.38802 0.38049 0.38115 0.36777 0.38244 0.37418 0.36528 0.36955 0.36241 0.37631 
Threads 94: 0.37503 0.38216 0.37160 0.37110 0.38031 0.37677 0.36621 0.39632 0.38741 0.39679 
Threads 98: 0.38951 0.36724 0.38755 0.38254 0.37783 0.37155 0.36891 0.38173 0.37547 0.36772 
Threads 102: 0.39028 0.35808 0.38167 0.36794 0.38602 0.37161 0.36282 0.36291 0.38713 0.37820 
Threads 106: 0.38387 0.37198 0.37933 0.36621 0.39391 0.36819 0.42195 0.36966 0.39376 0.36598 
Threads 110: 0.39138 0.39460 0.36747 0.39226 0.36322 0.37860 0.37191 0.37771 0.36279 0.36426 
Threads 114: 0.38165 0.38003 0.37759 0.37297 0.39778 0.36529 0.36726 0.54226 0.40212 0.39641 
Threads 118: 0.38322 0.36656 0.39379 0.38076 0.37070 0.37315 0.38200 0.37950 0.38064 0.39925 
Threads 122: 0.37144 0.36148 0.39151 0.36951 0.36915 0.37057 0.37452 0.37400 0.36404 0.38172 
Threads 126: 0.40416 0.40982 0.36690 0.39324 0.36842 0.38181 0.36505 0.36333 0.37015 0.39520 

