Pthread_times:
Threads 2: 0.10549 0.10444 0.10712 0.10914 0.10555 0.10730 0.10204 0.10662 0.10762 0.10738 0.10809 0.10398 0.10101 0.10384 0.11514 0.10253 0.11114 0.10463 0.10929 0.11364 
Threads 4: 0.07747 0.07211 0.07193 0.07520 0.07750 0.07333 0.07260 0.07211 0.07703 0.07190 0.08126 0.07292 0.07498 0.07555 0.07430 0.07405 0.07928 0.07680 0.07793 0.07443 
Threads 6: 0.05775 0.05347 0.05753 0.05908 0.05504 0.05303 0.05653 0.04997 0.05300 0.05781 0.05022 0.05696 0.05065 0.05837 0.05304 0.05111 0.05466 0.05212 0.05162 0.05363 
Threads 8: 0.04826 0.04816 0.04756 0.04651 0.04715 0.04787 0.04887 0.04916 0.04916 0.04859 0.04947 0.04439 0.04716 0.04783 0.04629 0.04785 0.04901 0.04730 0.04906 0.04798 
Threads 10: 0.04483 0.04477 0.04718 0.04322 0.04369 0.04537 0.04294 0.04662 0.04538 0.04506 0.04516 0.04672 0.04490 0.04392 0.04427 0.04398 0.04361 0.04670 0.04378 0.04810 
Threads 12: 0.04428 0.04091 0.04461 0.04044 0.03806 0.04242 0.04294 0.04486 0.04141 0.04756 0.04138 0.04474 0.04246 0.04222 0.04906 0.03995 0.03823 0.03954 0.03785 0.04327 
Threads 14: 0.04181 0.04185 0.04514 0.04230 0.03846 0.04142 0.04606 0.04100 0.03948 0.03837 0.04344 0.04336 0.04403 0.03742 0.04378 0.03942 0.04335 0.04126 0.04302 0.03910 
Threads 16: 0.03929 0.04245 0.04443 0.04375 0.04663 0.04271 0.03981 0.04213 0.04193 0.03916 0.04456 0.04373 0.04062 0.04031 0.04081 0.04334 0.04357 0.04705 0.04289 0.04080 
Threads 18: 0.03805 0.03937 0.04021 0.04120 0.04095 0.04366 0.03855 0.03964 0.04207 0.03777 0.03869 0.04065 0.03776 0.03944 0.04195 0.03942 0.04176 0.03761 0.03889 0.04433 
Threads 20: 0.04000 0.04410 0.03807 0.03578 0.03847 0.03800 0.03936 0.04020 0.03753 0.03905 0.04037 0.03879 0.03741 0.03869 0.04416 0.03808 0.03712 0.03645 0.04407 0.04160 
Threads 22: 0.03669 0.04274 0.03677 0.03716 0.03517 0.03576 0.03468 0.04082 0.03596 0.03576 0.03490 0.03475 0.04165 0.03738 0.03766 0.03611 0.03654 0.04010 0.04015 0.03521 
Threads 24: 0.03689 0.03690 0.03858 0.04161 0.03789 0.03524 0.03592 0.03776 0.03680 0.04657 0.03948 0.03786 0.03845 0.03946 0.03906 0.03682 0.03617 0.03666 0.03962 0.03711 
Threads 26: 0.03548 0.03458 0.03375 0.03507 0.03803 0.03686 0.03612 0.03747 0.03359 0.03687 0.04092 0.03669 0.04041 0.03575 0.03655 0.03792 0.03652 0.03674 0.03614 0.03597 
Threads 28: 0.03884 0.03575 0.03499 0.03647 0.03671 0.03699 0.03997 0.03580 0.03559 0.04153 0.03656 0.03712 0.03867 0.03591 0.03921 0.03615 0.03737 0.03749 0.03459 0.03526 
Threads 30: 0.03722 0.03482 0.03623 0.03438 0.03883 0.03481 0.03535 0.03951 0.03562 0.03522 0.03691 0.03595 0.03629 0.03517 0.03562 0.03682 0.03658 0.03738 0.03698 0.03782 
Threads 32: 0.03656 0.03503 0.03497 0.03480 0.03748 0.04031 0.03792 0.03684 0.03780 0.03746 0.03663 0.03658 0.03833 0.04013 0.03752 0.03925 0.03610 0.03630 0.03461 0.03660 
Threads 34: 0.03973 0.03705 0.03607 0.03834 0.03826 0.03736 0.03594 0.03706 0.03518 0.03709 0.03568 0.03587 0.03787 0.03484 0.03979 0.03760 0.03661 0.03678 0.03906 0.03644 
Threads 36: 0.03594 0.03794 0.03556 0.03608 0.03364 0.03621 0.03405 0.03797 0.03418 0.03131 0.03583 0.03426 0.03424 0.03307 0.03642 0.03441 0.03619 0.03784 0.03643 0.03583 
Threads 38: 0.03471 0.03696 0.03504 0.03555 0.03414 0.03716 0.03822 0.03910 0.03542 0.04116 0.03750 0.03864 0.03639 0.03813 0.03440 0.04337 0.03472 0.03417 0.03439 0.03572 
Threads 40: 0.03604 0.03883 0.03518 0.03448 0.03885 0.03809 0.03616 0.03677 0.03647 0.03350 0.03582 0.03701 0.03680 0.03536 0.03556 0.03443 0.03428 0.03593 0.03376 0.03575 
Threads 42: 0.03914 0.04049 0.03779 0.03447 0.04531 0.03690 0.03588 0.04146 0.03547 0.03932 0.03723 0.03514 0.03701 0.03543 0.03726 0.04000 0.04258 0.03672 0.03833 0.03633 
Threads 44: 0.03432 0.03789 0.03819 0.03764 0.03989 0.03715 0.03446 0.03964 0.03559 0.04091 0.03321 0.04108 0.03786 0.03502 0.03587 0.03519 0.03891 0.03938 0.03729 0.03580 
Threads 46: 0.03937 0.03608 0.03629 0.03563 0.03603 0.03673 0.03411 0.03571 0.03584 0.03661 0.04037 0.03508 0.03708 0.03798 0.03494 0.03595 0.04284 0.03400 0.03418 0.04098 
Threads 48: 0.03638 0.04031 0.04382 0.03925 0.04365 0.04021 0.05069 0.03987 0.03757 0.03790 0.03644 0.04395 0.03682 0.03720 0.03744 0.04972 0.04267 0.04472 0.03710 0.05474 
Threads 50: 0.03576 0.04232 0.03555 0.03740 0.04078 0.04445 0.03922 0.04241 0.04125 0.06774 0.03715 0.03810 0.03502 0.04139 0.03650 0.04146 0.05505 0.07944 0.08470 0.04130 
Threads 52: 0.03787 0.03743 0.03637 0.03844 0.03616 0.03879 0.03649 0.03632 0.03537 0.03563 0.03249 0.03885 0.03874 0.06401 0.03856 0.03649 0.03542 0.03556 0.03646 0.03714 
Threads 54: 0.03291 0.03234 0.03455 0.03527 0.03463 0.03928 0.03612 0.04756 0.03886 0.03683 0.03431 0.03216 0.03221 0.03961 0.03478 0.03735 0.03305 0.03335 0.03722 0.03621 
Threads 56: 0.03482 0.03258 0.03585 0.03782 0.03324 0.03587 0.03441 0.03606 0.03490 0.03409 0.03563 0.03935 0.03794 0.03751 0.03559 0.03512 0.03486 0.03532 0.03737 0.03397 
Threads 58: 0.03588 0.03394 0.03933 0.03685 0.03370 0.03445 0.03631 0.03601 0.03513 0.03580 0.03604 0.03527 0.03691 0.03494 0.03508 0.03265 0.03906 0.03962 0.03373 0.03831 
Threads 60: 0.03440 0.03621 0.03422 0.03580 0.03328 0.03405 0.03859 0.03411 0.03344 0.03768 0.03395 0.03511 0.03650 0.03656 0.03608 0.03333 0.03747 0.03635 0.03743 0.03528 
Threads 62: 0.03792 0.03668 0.03681 0.03631 0.03491 0.03780 0.03503 0.03458 0.03560 0.03393 0.03461 0.03799 0.03457 0.04137 0.03453 0.03536 0.03739 0.03385 0.03689 0.03445 
Threads 64: 0.03318 0.03477 0.03942 0.03979 0.03450 0.04002 0.03706 0.04008 0.03607 0.03489 0.03563 0.03347 0.03457 0.03844 0.03680 0.03558 0.03488 0.03783 0.03769 0.03559 
Threads 66: 0.03749 0.04261 0.03737 0.03714 0.03542 0.03596 0.03787 0.03561 0.03753 0.03956 0.03608 0.03600 0.03327 0.03646 0.03242 0.03683 0.03428 0.03620 0.04095 0.03454 
Threads 68: 0.03715 0.03384 0.03502 0.03726 0.03780 0.03680 0.03809 0.04331 0.03697 0.03545 0.03762 0.03679 0.03605 0.03604 0.03631 0.03277 0.03766 0.03641 0.03748 0.03768 
Threads 70: 0.03648 0.03438 0.03881 0.03383 0.03676 0.03432 0.03321 0.03791 0.03740 0.03520 0.03461 0.03624 0.04049 0.03713 0.03467 0.03576 0.03823 0.03443 0.03433 0.03347 
Threads 72: 0.03870 0.03755 0.03733 0.03780 0.03743 0.03603 0.04080 0.03368 0.03659 0.03603 0.03350 0.03499 0.03301 0.03887 0.03282 0.03797 0.03543 0.04072 0.03756 0.04061 
Threads 74: 0.03647 0.03787 0.03939 0.03391 0.03637 0.03687 0.03677 0.03441 0.03706 0.03429 0.03262 0.03215 0.03572 0.03337 0.03453 0.03694 0.03703 0.03313 0.03343 0.03614 
Threads 76: 0.03544 0.04025 0.03635 0.03600 0.03623 0.03874 0.03523 0.03664 0.03361 0.03553 0.03820 0.04509 0.03348 0.03402 0.03419 0.03453 0.03394 0.03413 0.03537 0.03506 
Threads 78: 0.04274 0.03537 0.03790 0.03429 0.03516 0.03267 0.03549 0.03603 0.03350 0.03568 0.03728 0.03884 0.03632 0.03368 0.07959 0.04021 0.03512 0.03628 0.03511 0.03630 
Threads 80: 0.03385 0.03597 0.03383 0.03741 0.03446 0.03961 0.03570 0.03736 0.03329 0.03545 0.03721 0.03758 0.03616 0.03735 0.03376 0.03559 0.03416 0.03498 0.03571 0.03562 

