OpenCilk_times:
Threads 2: 0.03306 0.02978 0.03229 0.03066 0.02795 0.03536 0.02953 0.02941 0.02903 0.03182 
Threads 6: 0.02990 0.02847 0.04951 0.03426 0.06021 0.03980 0.02899 0.03207 0.02952 0.02887 
Threads 10: 0.03472 0.02972 0.02908 0.03363 0.02980 0.02952 0.03803 0.03136 0.02904 0.04264 
Threads 14: 0.02969 0.02863 0.04253 0.03345 0.02838 0.03652 0.03002 0.02914 0.02898 0.03202 
Threads 18: 0.02937 0.02832 0.03105 0.03093 0.02946 0.04622 0.02952 0.02874 0.04222 0.02904 
Threads 22: 0.02882 0.04069 0.03107 0.02919 0.04309 0.02943 0.02924 0.03357 0.03131 0.02857 
Threads 26: 0.03908 0.02989 0.03003 0.04132 0.03179 0.02869 0.03410 0.03013 0.02876 0.02915 
Threads 30: 0.03299 0.03017 0.02893 0.03298 0.03015 0.02907 0.03442 0.02997 0.02993 0.04053 
Threads 34: 0.02998 0.02870 0.02865 0.03392 0.02900 0.02849 0.03383 0.02915 0.02877 0.03723 
Threads 38: 0.03092 0.02875 0.03627 0.03036 0.02901 0.04215 0.02995 0.02946 0.04215 0.03003 

